4 0.3798611111111111 0.3537037037037037 0.1597222222222222 0.03518518518518519
4 0.26319444444444445 0.5796296296296296 0.16111111111111112 0.02962962962962963
1 0.4996527777777778 0.050462962962962966 0.16041666666666668 0.08611111111111111
1 0.7361111111111112 0.5050925925925925 0.1625 0.08981481481481482
1 0.6177083333333333 0.27685185185185185 0.15763888888888888 0.08703703703703704
2 0.5 0.7997037037037037 1 0.03828703703703695
1 0.6180555555555556 0.7328703703703704 0.16111111111111112 0.08981481481481482
4 0.3781319444444444 0.807574074074074 0.15140277777777778 0.026249999999999916
2 0.7678333333333334 0.5 0.024555555555555643 1
2 0.4967013888888889 0.20956481481481481 0.9934027777777777 0.04783333333333336
2 0.23164583333333333 0.5 0.011201388888888886 1