2 0.49930555555555556 0.9018518518518519 0.9958333333333333 0.03148148148148148
2 0.4996527777777778 0.10046296296296296 0.9965277777777778 0.030555555555555555
0 0.44168749999999996 0.5518703703703703 0.10976388888888886 0.2055277777777778
4 0.6628472222222223 0.3337962962962963 0.16597222222222222 0.03981481481481482
4 0.3423611111111111 0.6712962962962963 0.16666666666666666 0.03888888888888889
3 0.8920138888888889 0.9384259259259259 0.14791666666666667 0.08796296296296297
1 0.8940972222222222 0.9403148148148148 0.17569444444444443 0.11196296296296303
1 0.10451388888888889 0.8226851851851852 0.16319444444444445 0.3435185185185185
1 0.8927083333333333 0.17314814814814813 0.16180555555555556 0.34444444444444444
1 0.10477083333333334 0.05925925925925926 0.16268055555555555 0.11851851851851852
3 0.5562291666666667 0.45243518518518516 0.09788194444444448 0.19562037037037036