2 0.49930555555555556 0.2037037037037037 0.9958333333333333 0.03888888888888889
2 0.4996527777777778 0.8 0.9965277777777778 0.022222222222222223
4 0.3871527777777778 0.49583333333333335 0.16458333333333333 0.03611111111111111
4 0.38680555555555557 0.05925925925925926 0.16805555555555557 0.040740740740740744
4 0.8378472222222222 0.05648148148148148 0.1673611111111111 0.04259259259259259
4 0.38680555555555557 0.7842592592592592 0.16666666666666666 0.03518518518518519
4 0.16180555555555556 0.2050925925925926 0.16666666666666666 0.03981481481481482
4 0.6118055555555556 0.20462962962962963 0.16666666666666666 0.03888888888888889
4 0.8364583333333333 0.7842592592592592 0.16458333333333333 0.037037037037037035
4 0.8371527777777777 0.350462962962963 0.16319444444444445 0.03425925925925926
4 0.8371527777777777 0.6402777777777777 0.16180555555555556 0.03425925925925926