2 0.5405416666666667 0.5037037037037037 0.8928888888888888 0.9925925925925926
2 0.41435416666666663 0.6784722222222223 0.8287083333333333 0.6430555555555556
2 0.49930555555555556 0.7949074074074074 0.9986111111111111 0.12685185185185185
4 0.6729166666666667 0.32546296296296295 0.1638888888888889 0.041666666666666664
4 0.5055555555555555 0.2023148148148148 0.1638888888888889 0.03796296296296296
4 0.4340277777777778 0.5666666666666667 0.19166666666666668 0.10555555555555556
4 0.22361111111111112 0.05925925925925926 0.1597222222222222 0.04259259259259259
4 0.834375 0.46111111111111114 0.15902777777777777 0.04259259259259259
4 0.42256944444444444 0.5398148148148149 0.15763888888888888 0.037037037037037035
4 0.19305555555555556 0.6268518518518519 0.1638888888888889 0.046296296296296294
2 0.9602430555555556 0.5 0.07951388888888888 1
2 0.04791666666666667 0.5002314814814814 0.09583333333333334 0.999537037037037
2 0.2860972222222222 0.8625 0.5576180555555555 0.275