2 0.9152777777777777 0.4986111111111111 0.125 0.9935185185185185
2 0.49930555555555556 0.7972222222222223 0.9972222222222222 0.09814814814814815
2 0.3789513888888889 0.700462962962963 0.7578958333333332 0.5990740740740741
4 0.42743055555555554 0.38287037037037036 0.16458333333333333 0.03981481481481482
4 0.5055555555555555 0.05 0.16527777777777777 0.05555555555555555
4 0.8145833333333333 0.7509259259259259 0.17222222222222222 0.04814814814814815
2 0.26163194444444443 0.8625 0.5121458333333333 0.275
4 0.34305555555555556 0.7166666666666667 0.1638888888888889 0.046296296296296294
4 0.8340277777777778 0.2949074074074074 0.1597222222222222 0.03796296296296296
4 0.1986111111111111 0.47453703703703703 0.1597222222222222 0.03796296296296296
4 0.6732638888888889 0.16435185185185186 0.16041666666666668 0.03425925925925926
2 0.07395833333333333 0.5002314814814814 0.14791666666666667 0.999537037037037