2 0.5 0.7944444444444444 1 0.035101851851851926
4 0.4996527777777778 0.5310185185185186 0.16597222222222222 0.03981481481481482
4 0.6576388888888889 0.7583333333333333 0.16527777777777777 0.03888888888888889
3 0.7361111111111112 0.5305555555555556 0.16666666666666666 0.03888888888888889
4 0.34479166666666666 0.7583333333333333 0.16319444444444445 0.03888888888888889
4 0.7364583333333333 0.5611111111111111 0.1673611111111111 0.10185185185185185
2 0.0745625 0.5 0.013013888888888896 1
2 0.12871527777777778 0.5 0.010215277777777764 1
4 0.18459027777777778 0.0745925925925926 0.163625 0.05103703703703704
4 0.3474097222222222 0.07297222222222223 0.1489861111111111 0.06168518518518519
4 0.6581250000000001 0.30217592592592596 0.15931249999999997 0.03397222222222227
4 0.8161111111111111 0.3061111111111111 0.15665972222222233 0.03722222222222227
2 0.6492847222222222 0.5002314814814814 0.013159722222222253 0.999537037037037
2 0.8728611111111112 0.5 0.01586111111111121 1
2 0.9277083333333334 0.5 0.01445138888888885 1