2 0.9426388888888889 0.5050925925925925 0.029993055555555592 0.9898148148148148
3 0.24930555555555556 0.7967592592592593 0.16805555555555557 0.12685185185185185
1 0.5111111111111111 0.1486111111111111 0.22083333333333333 0.2953703703703704
1 0.13194444444444445 0.35 0.25833333333333336 0.6962962962962963
1 0.2520833333333333 0.20416666666666666 0.15694444444444444 0.4064814814814815
2 0.8806666666666667 0.5 0.019229166666666703 1
2 0.8506319444444445 0.5 0.020256944444444494 1
2 0.6522291666666666 0.5002314814814814 0.017756944444444558 0.999537037037037
2 0.6168194444444445 0.49560185185185185 0.022527777777777817 0.9912037037037037
2 0.5572777777777778 0.5 0.024979166666666684 1
1 0.8008055555555557 0.26328703703703704 0.14049305555555552 0.21084259259259264
1 0.7466458333333333 0.2750740740740741 0.15718055555555566 0.16837962962962966
1 0.6963333333333334 0.2715925925925926 0.1448333333333333 0.23551851851851854