2 0.49930555555555556 0.8 0.9972222222222222 0.12037037037037036
4 0.5215277777777778 0.4009259259259259 0.16527777777777777 0.05
4 0.6423611111111112 0.24444444444444444 0.16527777777777777 0.05
4 0.7635416666666667 0.08796296296296297 0.16458333333333333 0.04814814814814815
3 0.24375 0.0587962962962963 0.16666666666666666 0.058333333333333334
2 0.16377083333333334 0.5 0.010881944444444456 1
3 0.20520833333333333 0.19490740740740742 0.11458333333333333 0.1824074074074074
2 0.2885763888888889 0.5025462962962963 0.02784722222222224 0.9949074074074075
3 0.3128472222222222 0.1712962962962963 0.07430555555555556 0.21296296296296297
4 0.671875 0.7532407407407408 0.16180555555555556 0.04722222222222222
2 0.04538888888888889 0.5 0.017166666666666667 1