4 0.7357638888888889 0.012962962962962963 0.1673611111111111 0.025925925925925925
4 0.4996527777777778 0.013425925925925926 0.1673611111111111 0.026851851851851852
4 0.4986111111111111 0.6916666666666667 0.16666666666666666 0.03518518518518519
2 0.2201875 0.49560185185185185 0.02300694444444444 0.9912037037037037
4 0.26284722222222223 0.6907407407407408 0.16597222222222222 0.037037037037037035
4 0.6615902777777778 0.23850925925925923 0.15929166666666675 0.045527777777777764
2 0.7806805555555556 0.5 0.02940972222222216 1
4 0.8186805555555556 0.23781481481481478 0.13667361111111107 0.03950925925925925
4 0.35472916666666665 0.4686388888888889 0.17665277777777777 0.07060185185185185
2 0.1250625 0.5013888888888889 0.027208333333333338 0.9972222222222222
4 0.18184027777777778 0.4683981481481482 0.16131944444444443 0.05625
2 0.8740625000000001 0.5 0.028687499999999963 1
2 0.49930555555555556 0.7992870370370371 0.9986111111111111 0.03738888888888899