2 0.5 0.9504166666666667 1 0.029537037037037122
2 0.5010416666666667 0.8992500000000001 0.9979166666666667 0.024425925925926028
2 0.5 0.8422962962962962 1 0.030898148148148046
2 0.4979166666666667 0.7953425925925927 0.9958333333333333 0.03328703703703708
4 0.38645833333333335 0.20324074074074075 0.16458333333333333 0.03981481481481482
1 0.5774305555555556 0.26064814814814813 0.18680555555555556 0.5101851851851852
1 0.25972222222222224 0.6412037037037037 0.16111111111111112 0.3287037037037037
1 0.7989583333333333 0.42407407407407405 0.15902777777777777 0.7648148148148148
1 0.13819444444444445 0.04398148148148148 0.16111111111111112 0.0712962962962963
4 0.4390625 0.7714537037037037 0.1600625 0.046620370370370284
2 0.8484027777777778 0.6738425925925926 0.3031944444444444 0.6523148148148148