2 0.057361111111111106 0.5050925925925925 0.029993055555555554 0.9898148148148148
3 0.7506944444444444 0.7967592592592593 0.16805555555555557 0.12685185185185185
1 0.4888888888888889 0.1486111111111111 0.22083333333333333 0.2953703703703704
1 0.8680555555555556 0.35 0.25833333333333336 0.6962962962962963
1 0.7479166666666667 0.20416666666666666 0.15694444444444444 0.4064814814814815
2 0.11933333333333333 0.5 0.019229166666666665 1
2 0.14936805555555555 0.5 0.020256944444444456 1
2 0.34777083333333336 0.5002314814814814 0.017756944444444478 0.999537037037037
2 0.3831805555555555 0.49560185185185185 0.022527777777777817 0.9912037037037037
2 0.4427222222222222 0.5 0.024979166666666684 1
1 0.19919444444444442 0.26328703703703704 0.14049305555555558 0.21084259259259264
1 0.25335416666666666 0.2750740740740741 0.15718055555555557 0.16837962962962966
1 0.30366666666666664 0.2715925925925926 0.1448333333333333 0.23551851851851854