2 0.49435416666666676 0.5 0.9251874999999999 1
2 0.5977986111111112 0.6831018518518519 0.8016319444444444 0.6337962962962963
2 0.5 0.7958333333333333 1 0.13236111111111115
4 0.825 0.6055555555555555 0.16805555555555557 0.04814814814814815
4 0.19583333333333333 0.55 0.16805555555555557 0.05
4 0.5038194444444445 0.34953703703703703 0.15902777777777777 0.030555555555555555
4 0.290625 0.10601851851851851 0.16041666666666668 0.03796296296296296
4 0.6736111111111112 0.24351851851851852 0.1597222222222222 0.03518518518518519
4 0.3524305555555556 0.4546296296296296 0.16041666666666668 0.03518518518518519
2 0.7246597222222222 0.8532407407407407 0.5444305555555555 0.2935185185185185
4 0.7344861111111112 0.8226296296296297 0.16066666666666676 0.05171296296296288
2 0.06354166666666666 0.5 0.12708333333333333 1
2 0.9407291666666667 0.5 0.11575694444444448 1