2 0.6284722222222222 0.5023148148148148 0.07222222222222222 0.9824074074074074
2 0.8565972222222222 0.49907407407407406 0.1076388888888889 0.9925925925925926
2 0.15104166666666666 0.4986111111111111 0.11736111111111111 0.9768518518518519
2 0.371875 0.5032407407407408 0.07152777777777777 0.9879629629629629
2 0.49930555555555556 0.8004629629629629 0.9930555555555556 0.2212962962962963
4 0.12916666666666668 0.12962962962962962 0.16666666666666666 0.06666666666666667
1 0.7142361111111111 0.026851851851851852 0.1701388888888889 0.053703703703703705
4 0.3434027777777778 0.26296296296296295 0.16041666666666668 0.05555555555555555
4 0.55625 0.39490740740740743 0.1597222222222222 0.05462962962962963
4 0.49409722222222224 0.7509259259259259 0.15902777777777777 0.053703703703703705
4 0.7690972222222222 0.5273148148148148 0.15902777777777777 0.05462962962962963
1 0.18611111111111112 0.6569444444444444 0.2 0.43425925925925923