4 0.6201388888888889 0.3537037037037037 0.1597222222222222 0.03518518518518519
4 0.7368055555555556 0.5796296296296296 0.16111111111111112 0.02962962962962963
1 0.5003472222222223 0.050462962962962966 0.16041666666666668 0.08611111111111111
1 0.2638888888888889 0.5050925925925925 0.1625 0.08981481481481482
1 0.38229166666666664 0.27685185185185185 0.15763888888888888 0.08703703703703704
2 0.5 0.7997037037037037 1 0.03828703703703695
1 0.3819444444444444 0.7328703703703704 0.16111111111111112 0.08981481481481482
4 0.6218680555555556 0.807574074074074 0.15140277777777778 0.026249999999999916
2 0.23216666666666663 0.5 0.024555555555555643 1
2 0.5032986111111111 0.20956481481481481 0.9934027777777777 0.04783333333333336
2 0.7683541666666667 0.5 0.011201388888888966 1