1 0.49236111111111114 0.4962962962962963 0.18055555555555555 0.9851851851851852
2 0.4019236111111111 0.507175925925926 0.016354166666666635 0.9856481481481482
2 0.36409027777777775 0.5094907407407407 0.010715277777777822 0.9810185185185185
4 0.27743055555555557 0.5939814814814814 0.027083333333333334 0.21203703703703702
2 0.1446805555555555 0.49675925925925923 0.005083333333333447 0.9935185185185185
4 0.12361111111111112 0.35509259259259257 0.022222222222222223 0.21203703703703702
2 0.8619166666666668 0.5013888888888889 0.015055555555555442 0.9972222222222222
4 0.8003472222222222 0.4027777777777778 0.021527777777777778 0.2111111111111111
4 0.9548611111111112 0.6416666666666667 0.022222222222222223 0.21481481481481482
2 0.6407777777777778 0.5013888888888889 0.019840277777777734 0.9972222222222222
4 0.6447916666666667 0.5967592592592592 0.022916666666666665 0.2064814814814815
2 0.5966875 0.5048611111111111 0.017736111111111084 0.9902777777777778