2 0.6121527777777778 0.49675925925925923 0.0798611111111111 0.9916666666666667
2 0.8996527777777777 0.4986111111111111 0.08125 0.9935185185185185
3 0.7145694444444445 0.820925925925926 0.03058333333333331 0.21741666666666662
3 0.715625 0.8231481481481482 0.027083333333333334 0.2111111111111111
3 0.49930555555555556 0.06481481481481481 0.075 0.08888888888888889
1 0.16361805555555556 0.575462962962963 0.23595138888888886 0.8490740740740741
3 0.19131944444444443 0.14814814814814814 0.1701388888888889 0.03333333333333333
3 0.6942361111111112 0.6756203703703704 0.030131944444444513 0.19753703703703696
3 0.6713194444444445 0.5198148148148148 0.039861111111111173 0.20536111111111108
3 0.649625 0.3741851851851852 0.04160416666666673 0.19651851851851854
4 0.6530972222222222 0.22787037037037036 0.04854861111111117 0.23722222222222222