3 0.9232638888888889 0.3592592592592593 0.05486111111111111 0.21851851851851853
3 0.27743055555555557 0.19027777777777777 0.1284722222222222 0.16574074074074074
3 0.075 0.638425925925926 0.05555555555555555 0.2175925925925926
3 0.13090277777777778 0.3541666666666667 0.06180555555555556 0.21388888888888888
2 0.3606111111111111 0.5037037037037037 0.008729166666666623 0.9925925925925926
3 0.43645833333333334 0.15324074074074073 0.16319444444444445 0.075
3 0.1371527777777778 0.9310185185185185 0.10902777777777778 0.13240740740740742
3 0.865625 0.07037037037037037 0.10069444444444445 0.12407407407407407
3 0.5586805555555555 0.2310185185185185 0.15902777777777777 0.0824074074074074
3 0.8670138888888889 0.6444444444444445 0.06180555555555556 0.21481481481481482
3 0.6010416666666667 0.36666666666666664 0.12152777777777778 0.16666666666666666
3 0.7204861111111112 0.8074074074074075 0.1284722222222222 0.16666666666666666
3 0.40069444444444446 0.6351851851851852 0.11388888888888889 0.1574074074074074
3 0.4420138888888889 0.7694444444444445 0.15763888888888888 0.08333333333333333
3 0.5628472222222223 0.8453703703703703 0.16458333333333333 0.07592592592592592
1 0.49930555555555556 0.4981481481481482 0.9944444444444445 0.20925925925925926