3 0.7493055555555556 0.7986111111111112 0.16805555555555557 0.11944444444444445
2 0.36164583333333333 0.493287037037037 0.024680555555555532 0.986574074074074
2 0.40608333333333335 0.5 0.03022222222222221 1
1 0.5045138888888889 0.1361111111111111 0.22013888888888888 0.27037037037037037
1 0.8666666666666667 0.34074074074074073 0.2611111111111111 0.6796296296296296
1 0.20244444444444443 0.33241666666666664 0.22434027777777774 0.34629629629629627
1 0.7479166666666667 0.1986111111111111 0.15694444444444444 0.39537037037037037
1 0.3059513888888889 0.31701851851851853 0.2360138888888889 0.29976851851851855
3 0.2622013888888889 0.20124074074074075 0.14295833333333335 0.12378703703703703
3 0.2359652777777778 0.18526851851851853 0.14831944444444448 0.11498148148148149
2 0.09311805555555555 0.5037037037037037 0.01193055555555556 0.9925925925925926
2 0.13529861111111113 0.5037037037037037 0.016430555555555573 0.9925925925925926