2 0.3715277777777778 0.5023148148148148 0.07222222222222222 0.9824074074074074
2 0.14340277777777777 0.49907407407407406 0.1076388888888889 0.9925925925925926
2 0.8489583333333334 0.4986111111111111 0.11736111111111111 0.9768518518518519
2 0.628125 0.5032407407407408 0.07152777777777777 0.9879629629629629
2 0.5006944444444444 0.8004629629629629 0.9930555555555556 0.2212962962962963
4 0.8708333333333333 0.12962962962962962 0.16666666666666666 0.06666666666666667
1 0.2857638888888889 0.026851851851851852 0.1701388888888889 0.053703703703703705
4 0.6565972222222223 0.26296296296296295 0.16041666666666668 0.05555555555555555
4 0.44375 0.39490740740740743 0.1597222222222222 0.05462962962962963
4 0.5059027777777778 0.7509259259259259 0.15902777777777777 0.053703703703703705
4 0.2309027777777778 0.5273148148148148 0.15902777777777777 0.05462962962962963
1 0.8138888888888889 0.6569444444444444 0.2 0.43425925925925923