2 0.8449027777777778 0.5037037037037037 0.01202777777777789 0.9925925925925926
3 0.9166666666666666 0.1476851851851852 0.1 0.18981481481481483
3 0.328125 0.14351851851851852 0.14652777777777778 0.13703703703703704
3 0.08298611111111111 0.8546296296296296 0.10208333333333333 0.1962962962962963
3 0.6697916666666667 0.8546296296296296 0.14652777777777778 0.13703703703703704
3 0.26979166666666665 0.3375 0.08680555555555555 0.20092592592592592
3 0.2517361111111111 0.9796296296296296 0.06319444444444444 0.037037037037037035
3 0.6059027777777778 0.4064814814814815 0.09791666666666667 0.19074074074074074
3 0.7291666666666666 0.6597222222222222 0.0875 0.19907407407407407
3 0.3920138888888889 0.5912037037037037 0.09791666666666667 0.19166666666666668
1 0.49895833333333334 0.4986111111111111 0.9951388888888889 0.21574074074074073