2 0.2076388888888889 0.5013888888888889 0.1486111111111111 0.9842592592592593
2 0.7944444444444444 0.5027777777777778 0.14444444444444443 0.9833333333333333
4 0.34618055555555555 0.3074074074074074 0.16319444444444445 0.037037037037037035
4 0.8197916666666667 0.42824074074074076 0.1673611111111111 0.041666666666666664
4 0.18993055555555555 0.41574074074074074 0.1673611111111111 0.040740740740740744
4 0.6597222222222222 0.08194444444444444 0.15416666666666667 0.028703703703703703
4 0.7354166666666667 0.6541666666666667 0.1527777777777778 0.028703703703703703
4 0.5020833333333333 0.19398148148148148 0.1625 0.03425925925925926
4 0.5805555555555556 0.5365740740740741 0.1638888888888889 0.03611111111111111
2 0.5 0.800861111111111 1 0.035972222222222135
2 0.8197916666666667 0.9111111111111111 0.36041666666666666 0.17777777777777778