4 0.16527777777777777 0.45555555555555555 0.16805555555555557 0.040740740740740744
0 0.84025 0.3106481481481482 0.15561805555555566 0.05462962962962963
0 0.8378194444444444 0.16805555555555557 0.16047916666666676 0.05092592592592592
0 0.8333055555555556 0.4583333333333333 0.16949999999999996 0.05
0 0.6684027777777778 0.4564814814814815 0.16458333333333333 0.05185185185185185
0 0.669125 0.022685185185185187 0.16880555555555551 0.03425925925925926
0 0.6680555555555555 0.3111111111111111 0.1638888888888889 0.05
0 0.6677083333333333 0.16574074074074074 0.16458333333333333 0.05185185185185185
0 0.8421180555555556 0.022222222222222223 0.1557569444444444 0.044444444444444446
2 0.5 0.8057222222222222 1 0.0642314814814816
2 0.5791527777777777 0.5002314814814814 0.029138888888888916 0.999537037037037
2 0.9263125000000001 0.5 0.029013888888889026 1