2 0.4430694444444444 0.49444444444444446 0.043722222222222246 0.9888888888888889
1 0.4094027777777777 0.13912037037037037 0.15965972222222227 0.27824074074074073
1 0.40868055555555555 0.13796296296296295 0.1701388888888889 0.2722222222222222
1 0.5982638888888889 0.6847222222222222 0.16458333333333333 0.4324074074074074
1 0.40243055555555557 0.6847222222222222 0.16458333333333333 0.4324074074074074
1 0.5940625 0.13472222222222222 0.17020138888888883 0.26944444444444443
1 0.8114583333333333 0.45694444444444443 0.15486111111111112 0.8916666666666667
1 0.19613888888888892 0.46435185185185185 0.16180555555555556 0.9046296296296297
2 0.5 0.905962962962963 1 0.03323148148148158
2 0.9620763888888889 0.5 0.026548611111111124 1
2 0.041749999999999926 0.5 0.026916666666666818 1
2 0.5552013888888889 0.49907407407407406 0.0347361111111111 0.9981481481481481