2 0.09930555555555555 0.5018518518518519 0.07777777777777778 0.9833333333333333
2 0.3996527777777778 0.5023148148148148 0.07708333333333334 0.9842592592592593
2 0.61875 0.4925925925925926 0.07916666666666666 0.9777777777777777
1 0.8038541666666666 0.5588148148148148 0.20902777777777778 0.7953703703703704
3 0.3284722222222222 0.8362037037037037 0.05138888888888889 0.19240740740740736
4 0.5694444444444444 0.8217592592592593 0.03333333333333333 0.21203703703703702
3 0.33541666666666664 0.7033888888888888 0.03333333333333333 0.2101851851851852
4 0.32797916666666665 0.2234722222222222 0.026791666666666696 0.2237962962962963
3 0.34534722222222225 0.3762685185185185 0.049590277777777754 0.19605555555555557
3 0.3385694444444445 0.5332407407407407 0.030604166666666703 0.18591666666666665
3 0.7925 0.14821296296296296 0.1691666666666666 0.05939814814814814