2 0.8340277777777778 0.4981481481481482 0.10555555555555556 0.9925925925925926
4 0.30277777777777776 0.5203703703703704 0.16527777777777777 0.037037037037037035
4 0.49930555555555556 0.4351851851851852 0.1638888888888889 0.037037037037037035
4 0.6961805555555556 0.35 0.16458333333333333 0.03518518518518519
1 0.8944444444444445 0.013425925925925926 0.16805555555555557 0.026851851851851852
4 0.29930555555555555 0.18101851851851852 0.16111111111111112 0.030555555555555555
4 0.7034722222222223 0.09583333333333334 0.1597222222222222 0.028703703703703703
1 0.10520833333333333 0.01712962962962963 0.1673611111111111 0.019444444444444445
4 0.5025902777777778 0.6084722222222222 0.16073611111111114 0.0632407407407407
4 0.6964791666666666 0.6904259259259259 0.1561527777777777 0.032703703703703645
2 0.16517361111111112 0.5002314814814814 0.11131944444444446 0.999537037037037
2 0.5001736111111111 0.795074074074074 0.9996527777777777 0.03828703703703695