2 0.5569305555555556 0.49444444444444446 0.043722222222222246 0.9888888888888889
1 0.5905972222222222 0.13912037037037037 0.15965972222222227 0.27824074074074073
1 0.5913194444444444 0.13796296296296295 0.1701388888888889 0.2722222222222222
1 0.4017361111111111 0.6847222222222222 0.16458333333333333 0.4324074074074074
1 0.5975694444444445 0.6847222222222222 0.16458333333333333 0.4324074074074074
1 0.40593749999999995 0.13472222222222222 0.17020138888888886 0.26944444444444443
1 0.18854166666666666 0.45694444444444443 0.15486111111111112 0.8916666666666667
1 0.803861111111111 0.46435185185185185 0.16180555555555556 0.9046296296296297
2 0.5 0.905962962962963 1 0.03323148148148158
2 0.03792361111111111 0.5 0.026548611111111103 1
2 0.95825 0.5 0.026916666666666818 1
2 0.44479861111111113 0.49907407407407406 0.0347361111111111 0.9981481481481481