3 0.2743055555555556 0.3638888888888889 0.16805555555555557 0.03333333333333333
4 0.49930555555555556 0.5092592592592593 0.16666666666666666 0.040740740740740744
4 0.6680555555555555 0.3638888888888889 0.16805555555555557 0.040740740740740744
4 0.8371527777777777 0.5092592592592593 0.1673611111111111 0.03888888888888889
3 0.16215277777777778 0.2912037037037037 0.15902777777777777 0.023148148148148147
3 0.3875 0.4361111111111111 0.15555555555555556 0.022222222222222223
4 0.8368055555555556 0.21851851851851853 0.1625 0.03518518518518519
4 0.6659305555555556 0.0745925925925926 0.1714444444444445 0.03714814814814815
4 0.6671527777777778 0.6413425925925925 0.1634722222222223 0.05952777777777774
2 0.5 0.7978425925925926 1 0.020675925925925858
4 0.8409097222222223 0.7996944444444444 0.16028472222222218 0.04290740740740733
2 0.1623888888888889 0.5048611111111111 0.015062499999999998 0.9902777777777778
2 0.27574305555555556 0.5083333333333333 0.016062499999999997 0.9833333333333333
2 0.3894375 0.49560185185185185 0.010819444444444394 0.9912037037037037
2 0.5003541666666667 0.5106481481481482 0.013902777777777766 0.9787037037037037