1 0.5076388888888889 0.4962962962962963 0.18055555555555555 0.9851851851851852
2 0.5980763888888889 0.507175925925926 0.016354166666666635 0.9856481481481482
2 0.6359097222222222 0.5094907407407407 0.010715277777777822 0.9810185185185185
4 0.7225694444444445 0.5939814814814814 0.027083333333333334 0.21203703703703702
2 0.8553194444444445 0.49675925925925923 0.005083333333333447 0.9935185185185185
4 0.8763888888888889 0.35509259259259257 0.022222222222222223 0.21203703703703702
2 0.13808333333333334 0.5013888888888889 0.01505555555555556 0.9972222222222222
4 0.1996527777777778 0.4027777777777778 0.021527777777777778 0.2111111111111111
4 0.04513888888888889 0.6416666666666667 0.022222222222222223 0.21481481481481482
2 0.3592222222222222 0.5013888888888889 0.019840277777777773 0.9972222222222222
4 0.35520833333333335 0.5967592592592592 0.022916666666666665 0.2064814814814815
2 0.40331249999999996 0.5048611111111111 0.017736111111111084 0.9902777777777778